24.770752
24.770752
24.254395
24.074585
24.415039
24.075806
24.158447
24.380981
24.770752
24.770752
23.998291
24.002197
24.346313
24.142212
24.093750
24.128662
24.770752
24.770752
24.770752
24.439575
24.461060
24.322998
24.369873
24.352173
24.217651
24.302490
24.770752
24.221558
24.075317
24.271484
24.309570
24.268433
24.147461
24.770752
24.770752
24.770752
24.378296
24.363647
24.579712
24.502197
24.352295
24.427246
24.377930
24.770752
24.358398
24.467896
24.271118
24.234985
24.143311
24.281372
24.770752
24.770752
24.770752
24.713867
24.210205
24.341797
24.308838
24.216553
24.191528
24.770752
24.770752
24.475220
24.241821
24.248901
24.387695
24.676270
24.381714
24.770752
24.770752
24.770752
24.500854
24.180542
24.362671
24.347900
24.241699
24.770752
24.770752
24.770752
24.183594
24.228760
24.343872
24.210449
24.241577
24.122681
24.321533
24.770752
24.770752
24.770752
24.241333
24.238281
24.250732
24.172974
24.255005
24.770752
24.770752
24.439453
24.471924
24.395264
24.311768
24.615845
24.446411
24.468872
24.770752
24.770752
24.770752
24.321167
24.285767
24.039917
24.241943
24.309692
24.770752
24.770752
24.770874
24.182007
24.060791
24.062500
24.268188
23.980957
24.214722
24.770752
24.770752
24.770752
24.278931
24.258179
24.206421
24.313110
24.540161
24.770752
24.770752
24.770752
24.177490
24.126465
24.282349
24.256104
24.022949
24.114746
24.770752
24.770752
24.770752
24.442993
24.240356
24.180664
24.197876
24.303833
24.770752
24.770752
24.770752
24.183838
24.414062
24.208740
24.126953
24.313965
24.092163
24.283813
24.770752
24.770752
24.708862
24.351318
24.456787
24.141968
24.274902
24.770752
24.770752
24.770752
24.319946
24.326782
24.301636
24.274658
24.232178
24.163818
24.397583
24.770752
24.770752
24.880371
24.111084
24.208252
24.270508
24.234497
24.166992
24.770752
24.770752
24.785645
24.381958
24.017334
24.146362
24.272827
24.147705
24.408447
24.770752
24.780396
24.471802
24.324951
24.565552
24.426147
24.328857
24.230225
24.770752
24.770752
24.770752
24.227051
24.147583
24.302490
24.172119
24.329224
24.107422
24.770752
24.822144
24.313843
24.375366
24.319336
24.542725
24.333984
24.135132
24.770752
24.770752
24.770752
24.269165
24.206665
24.223633
24.060669
24.102051
24.246094
24.770752
24.785645
24.364746
24.478516
24.577148
24.591919
24.602661
24.452271
24.770752
24.770752
24.770752
24.252563
24.108643
24.262085
24.086792
24.249146
24.296997
24.770752
24.770752
24.330078
24.276855
24.325684
24.351685
24.342651
24.225586
24.770752
24.770752
24.770752
24.509521
24.405762
24.392456
24.555420
24.303589
24.770752
24.770752
24.770752
24.234009
24.689697
24.417725
24.452515
24.553833
24.416748
24.509766
24.770752
24.770752
24.816895
24.280151
24.340210
24.061157
24.141357
24.319092
24.770752
24.770752
24.366333
24.281006
24.257935
24.351807
24.222900
24.130127
24.267334
24.770752
24.770752
24.775391
24.316528
24.404297
24.282959
24.372437
24.173950
24.770752
24.770752
24.867798
24.246704
24.225220
24.215942
24.107178
24.127930
24.108276
24.770752
24.770752
24.770752
24.120483
24.210693
24.170288
24.222046
24.129150
24.770752
24.770752
24.814697
24.355591
24.183350
24.179810
24.248901
24.208008
24.222168
24.770752
24.770752
24.770752
24.463501
24.480225
24.511719
24.377075
24.181763
24.770752
24.770752
24.770752
24.309570
24.152344
23.998657
24.388428
24.334595
24.193481
24.032104
24.770752
24.770752
24.819702
24.289062
24.175293
24.140625
24.166626
24.770752
24.770752
24.770752
24.244751
24.213501
24.213013
24.171509
24.094238
24.254150
24.206543
24.770752
24.770752
24.803223
24.363770
24.139404
24.163818
24.214844
24.188965
24.770752
24.770752
24.819702
24.410645
24.174072
24.271851
24.482544
24.493774
24.444336
24.770752
24.811401
24.440918
24.374023
24.282959
24.491211
24.344238
24.054199
24.770752
24.770752
24.845703
24.300903
24.339355
24.394775
24.365479
24.257935
24.277100
24.770752
24.156128
24.208130
24.105591
23.982422
24.254395
24.211548
24.023682
24.770752
24.770752
24.780884
24.416260
24.227051
24.252808
24.400269
24.340332
24.384399
24.770752
24.123169
24.271851
24.056152
24.350586
24.215210
24.176880
24.137695
24.770752
24.770752
24.783813
24.208496
24.031006
24.277832
24.209106
24.117065
24.238647
24.770752
24.846558
24.285400
24.364868
24.166626
24.396240
24.323486
24.235718
24.770752
24.770752
24.771729
23.998047
24.243896
24.043579
24.325806
24.224487
24.770752
24.770752
24.845215
24.067383
24.149292
24.351074
24.283813
24.288086
24.384644
24.770752
24.770752
24.770752
24.423828
24.178345
24.208130
24.076538
24.255859
24.770752
24.770752
24.770752
24.344604
24.467407
24.338257
24.286377
24.197266
24.072754
24.770752
24.770752
24.770752
24.255249
24.164917
24.136719
24.303101
24.286987
24.770752
24.770752
24.770752
24.164551
24.258911
24.364136
24.427368
24.399170
24.383667
24.365967
24.770752
24.770752
24.812744
24.131226
24.034058
24.148560
24.126709
24.076416
24.770752
24.770752
24.399048
24.550171
24.496582
24.421631
24.359619
24.487183
24.479980
24.770752
24.770752
24.784668
24.265747
24.258423
24.276611
24.438721
24.770752
24.770752
24.770752
24.553711
24.702881
24.594116
24.500000
24.516846
24.424316
24.578735
24.770752
24.770752
24.770752
24.309814
24.270264
24.171631
24.065796
24.329590
24.770752
24.770752
24.267212
24.532349
24.452759
24.280029
24.286621
24.541748
24.496948
24.770752
24.770752
24.770752
24.770752
24.781372
24.523682
24.519409
24.375122
24.552246
24.436523
24.770752
24.770752
24.861938
24.201782
24.302856
24.127197
24.327026
24.038086
24.091187
24.770752
24.770752
24.770752
24.770752
24.770752
24.218018
24.231201
24.032715
24.258057
24.130127
24.148438
24.232910
24.770752
24.770752
24.770752
24.250122
24.190063
24.088501
24.298950
24.410767
24.085693
24.770752
24.770752
24.770752
24.770752
24.830688
24.382812
24.420288
24.225464
24.552856
24.425537
24.480591
24.770752
24.770752
24.770752
24.478760
24.251343
24.333740
24.289551
24.770752
24.770752
24.305908
24.770752
24.770752
24.770752
24.388794
24.209473
24.265137
24.515747
24.247437
24.507812
24.770752
24.770752
24.770752
24.199585
24.299561
24.164307
24.380127
24.770752
24.166382
24.235596
24.770752
24.770752
24.770752
24.343506
24.223755
24.164917
24.285400
24.249512
24.784912
24.074097
24.770752
24.770752
24.830811
24.211060
24.309204
24.770752
24.858521
24.206787
24.486328
24.770752
24.770752
24.770752
24.179077
24.182007
24.167603
24.188599
24.266968
24.173950
24.192505
24.770752
24.770752
24.790894
24.231323
24.770752
24.770752
24.372803
24.558716
24.328735
24.770752
24.770752
24.770752
24.277344
24.290405
24.544067
24.372803
24.404175
24.524292
24.434326
24.770752
24.770752
24.770752
24.770752
24.770752
24.089355
24.063965
24.244995
24.153809
24.770752
24.770752
24.770752
24.212646
24.332153
24.381226
24.316406
24.206543
24.186035
24.135986
24.770752
24.770752
24.770752
24.770752
24.817627
24.439941
24.254883
24.183960
24.791382
24.526245
24.510620
24.770752
24.770752
24.770752
24.257690
24.238159
24.223022
24.226074
24.198120
24.410767
24.120361
24.770752
24.770752
24.770752
24.770752
24.693481
24.216187
24.324951
24.279663
24.177856
24.108154
24.147461
24.770752
24.770752
24.770752
24.196533
24.329224
24.168213
24.307129
24.271240
24.246826
24.144409
24.822998
24.253418
24.201782
24.320435
24.314697
24.120483
24.072754
24.770752
24.770752
24.770752
24.189087
24.213745
24.302124
24.261475
24.367432
24.209106
24.322144
24.770752
24.007812
24.286377
24.483887
24.432739
24.493774
24.237549
24.255737
24.770752
24.770752
24.838379
24.235229
24.175171
24.281128
24.304321
24.333130
24.306519
24.770752
24.241089
24.096191
24.149536
24.154175
24.073608
24.348877
24.143555
24.770752
24.770752
24.826294
24.487671
24.477295
24.358032
24.429688
24.307739
24.770752
24.770752
24.198364
24.355225
24.431152
24.254395
24.468872
24.467651
24.510254
24.770752
24.770752
24.880615
24.286621
24.230957
24.103149
24.029175
24.185791
24.770752
24.770752
24.198364
24.296753
24.242798
24.142456
24.293823
24.135132
24.199585
24.770752
24.770752
24.770752
24.588135
24.304199
24.497070
24.243774
24.460815
24.770752
24.770752
24.770752
24.388062
24.265381
24.270630
24.256470
24.393555
24.490356
24.770752
24.770752
24.770752
24.140869
24.257690
24.055054
24.073242
24.225342
24.770752
24.770752
24.770752
24.341675
24.193237
24.491089
24.205444
24.215210
24.200195
24.770752
24.770752
24.770752
24.160645
24.123169
24.192017
24.177612
24.188721
24.770752
24.770752
24.770752
24.068726
24.256958
24.091675
24.214600
24.146606
24.380249
24.770752
24.770752
24.770752
24.480957
24.159790
24.305542
24.159180
24.259644
24.770752
24.770752
24.770752
24.291748
24.091675
24.403809
24.377319
24.449463
24.273804
24.197876
24.770752
24.770752
24.770752
24.307495
24.328125
24.322632
24.559204
24.770752
24.770752
24.770752
24.358154
24.205078
24.047363
24.154663
24.057739
24.099854
24.178223
24.770752
24.770752
24.813843
24.118408
24.076172
24.198486
24.402100
24.288208
24.770752
24.770752
24.770752
24.113037
24.183350
24.148071
24.131104
24.388062
24.120361
24.770752
24.770752
24.116333
24.379761
24.447632
24.310547
24.141968
24.208374
24.770752
24.770752
24.770752
24.303345
24.233765
24.192871
24.236938
24.199951
24.304810
24.770752
24.817383
24.135254
24.183960
24.240845
24.091309
24.317139
24.182861
24.770752
24.770752
24.770752
24.313599
24.403076
24.193481
24.251099
24.369141
24.143555
24.317627
24.778198
24.416138
24.367065
24.528931
24.138916
24.306274
24.342773
24.770752
24.770752
24.770752
24.353638
24.582642
24.637085
24.462891
24.180054
24.401489
24.770752
24.770752
24.181885
24.405640
24.612427
24.525879
24.581543
24.441772
24.460815
24.770752
24.770752
24.458740
24.495117
24.437866
24.475952
24.604858
24.419434
24.770752
24.770752
24.318481
24.133789
24.260132
24.357422
24.476074
24.304810
24.604980
24.770752
24.770752
24.770752
24.206299
24.264160
24.250732
24.222778
24.061890
24.770752
24.770752
24.827759
24.370361
24.206421
24.274048
24.242188
24.357544
24.357422
24.770752
24.770752
24.770752
24.427856
24.518433
24.322632
24.400391
24.409668
24.770752
24.770752
24.849243
24.250977
24.226196
24.259644
24.321777
24.230957
24.351929
24.770752
24.770752
24.770752
24.158813
24.208252
24.308472
24.105835
24.200928
24.770752
24.770752
24.816528
24.299805
24.269653
24.160278
24.184082
24.183960
24.179565
24.770752
24.770752
24.770752
24.504639
24.270996
24.201904
24.353760
24.264771
24.770752
24.770752
24.770752
24.124023
24.240601
24.216919
24.325073
24.245483
24.138306
24.045898
24.770752
24.770752
24.822510
24.105957
24.133423
24.211060
24.070435
24.770752
24.770752
24.770752
24.130615
24.318359
24.312622
24.319824
24.364258
24.185059
24.244629
24.770752
24.770752
24.835571
24.344971
24.355347
24.319458
24.214600
24.249878
24.770752
24.770752
24.885498
24.086182
24.348755
24.237427
24.174072
24.128906
24.117920
24.770752
24.804565
24.056519
24.181885
24.131470
24.041504
24.430054
24.277222
24.770752
24.770752
24.829346
24.481812
24.236816
24.393799
24.322021
24.340942
24.385010
24.770752
24.864380
24.265747
24.327271
24.238281
24.045044
24.474487
24.219360
24.770752
24.770752
24.770752
24.094238
24.273315
24.217651
24.169067
24.250977
24.089722
24.770752
24.097534
24.117432
24.154663
24.218384
24.200684
24.291260
24.493286
24.770752
24.770752
24.770752
24.474243
24.238770
24.520630
24.365967
24.033569
24.294800
24.770752
24.770752
24.518188
24.393799
24.445435
24.364746
24.259888
24.262939
24.770752
24.770752
24.770752
24.386108
24.200806
24.224365
24.246338
24.237793
24.370728
24.770752
24.770752
24.371948
24.153076
24.407104
24.389160
24.417236
24.458374
24.611328
24.770752
24.770752
24.791016
24.138428
24.187622
24.229736
24.385864
24.770752
24.770752
24.770752
24.225464
24.078613
24.445190
24.138306
24.334717
24.428833
24.578125
24.770752
24.770752
24.817017
24.233398
24.363647
24.323364
24.474365
24.770752
24.770752
24.770752
24.200195
24.105713
24.240601
24.187134
24.220459
24.297729
24.171875
24.770752
24.770752
24.770752
24.198853
24.391846
24.420166
24.658936
24.464844
24.770752
24.770752
24.562134
24.224243
24.377441
24.260742
24.138794
24.150635
24.212158
24.770752
24.770752
24.770752
24.205566
24.201294
24.340332
24.151855
24.235352
24.770752
24.770752
24.770752
24.469971
24.392578
24.570801
24.510986
24.461060
24.625610
24.770752
24.770752
24.770752
24.115845
24.086060
24.270996
24.189453
24.160034
24.770752
24.770752
24.770752
24.177490
24.400635
24.287354
24.250244
24.109131
24.278564
24.141968
24.770752
24.770752
24.799316
24.508057
24.426880
24.420288
24.477295
24.770752
24.770752
24.770752
24.145386
24.419556
24.282593
24.257080
24.372803
24.226074
24.360474
24.770752
24.770752
24.421021
24.351562
24.241089
24.504272
24.364746
24.770752
24.770752
24.770752
24.144409
24.146729
24.331909
24.110352
24.421997
24.235352
24.265625
24.770752
24.544434
24.348145
24.407227
24.179565
24.211060
24.272217
24.275513
24.770752
24.770752
24.785522
24.129272
24.255859
24.170532
24.150879
24.344604
24.104858
24.770752
24.284424
24.267578
24.293091
24.206543
24.311035
24.362793
24.249146
24.770752
24.770752
24.770752
24.311523
24.335693
24.227051
24.309326
23.915771
24.301514
24.770752
24.850464
24.106567
24.298096
24.235718
24.294922
24.261597
24.051392
24.770752
24.770752
24.770752
24.198975
24.235229
24.287476
24.374634
24.314087
24.124023
24.770752
24.787964
24.182495
24.161499
24.183472
24.020386
24.356567
24.160400
24.770752
24.770752
24.770752
24.360596
24.364990
24.404053
24.126099
24.176392
24.770752
24.770752
24.770752
23.994141
24.227173
24.316162
24.191772
24.101074
24.264160
24.360474
24.770752
24.770752
24.463257
24.313110
24.332031
24.467285
24.231812
24.770752
24.770752
24.770752
24.185547
24.335571
24.382080
24.401611
24.301636
24.263672
24.139160
24.770752
24.770752
24.793457
24.085449
24.372803
24.069702
24.197144
24.164551
24.770752
24.770752
24.870728
24.167358
24.190430
24.404541
24.330933
24.284058
24.105225
24.770752
24.770752
24.773926
24.301147
24.148315
24.172607
24.155762
24.113403
24.770752
24.770752
24.833008
24.344360
24.259399
24.401611
24.490479
24.313843
24.266724
24.770752
24.770752
24.770752
24.309448
24.197754
24.250732
24.282227
24.227661
24.770752
24.770752
24.792236
24.444458
24.485596
24.350708
24.539551
24.417847
24.339355
24.770752
24.770752
24.770752
24.273438
24.297363
24.237305
24.307373
24.247925
24.770752
24.770752
24.770752
24.258911
24.122070
24.143921
24.274292
24.285767
24.273315
24.368408
24.770752
24.770752
24.605835
24.489990
24.569458
24.554443
24.513428
24.770752
24.770752
24.770752
24.353027
24.547241
24.373047
24.541992
24.465088
24.526245
24.641235
24.770752
24.771118
24.432007
24.356812
24.316772
24.256104
24.215820
24.447998
24.770752
24.770752
24.832520
24.296997
24.272583
24.412354
24.551270
24.342529
24.403687
24.770752
24.128052
24.122192
24.191284
24.322510
24.204102
24.219482
24.173828
24.770752
24.770752
24.795776
24.458740
24.355713
24.340576
24.383423
24.238525
24.526367
24.770752
24.208740
24.129761
24.043945
24.319336
24.243652
24.373413
24.142944
24.770752
24.770752
24.770752
24.459839
24.395142
24.571167
24.274292
24.489136
24.471436
24.770752
24.193115
24.216675
24.118286
24.213989
24.223022
24.417480
24.229004
24.770752
24.770752
24.770752
24.203491
24.197998
24.127075
24.189819
24.178467
24.278687
24.770752
24.770752
24.260864
24.205811
24.284180
24.008179
24.268921
24.147095
24.770752
24.770752
24.770752
24.497314
24.678589
24.543457
24.431641
24.392578
24.770752
24.770752
24.770752
24.201050
24.296265
24.239624
24.409546
24.055664
24.335449
24.770752
24.770752
24.770752
24.286377
24.215332
24.169556
24.241211
24.454346
24.770752
24.770752
24.770752
24.319336
24.581787
24.189209
24.048096
24.121948
24.204102
24.356323
24.770752
24.770752
24.814209
24.480225
24.481323
24.373169
24.449829
24.770752
24.770752
24.770752
24.580566
24.237671
24.527466
24.532471
24.331543
24.340942
24.357910
24.770752
24.770752
24.770752
24.375977
24.240601
24.289307
24.417969
24.249634
24.770752
24.770752
24.795898
24.468140
24.268433
24.266479
24.251709
24.393799
24.308716
24.770752
24.770752
24.770752
24.518311
24.528076
24.233154
24.335083
24.699341
24.770752
24.770752
24.770752
24.258179
24.324585
24.430176
24.337891
24.297363
24.209717
24.770752
24.770752
24.770752
24.418579
24.515991
24.636597
24.523804
24.597534
24.770752
24.770752
24.770752
24.209717
24.143188
24.213745
24.214233
24.163818
24.183472
24.770752
24.770752
24.770752
24.263428
24.242432
24.370239
24.197021
24.308105
24.770752
24.770752
24.770752
24.382568
24.230347
24.316162
24.359009
24.274658
24.495972
24.070190
24.770752
24.708618
24.165039
24.342041
24.212891
24.342773
24.311157
24.770752
24.770752
24.770752
24.414917
24.267944
24.202881
24.142700
24.506104
24.390259
24.355103
24.770752
24.210327
24.117676
24.223511
24.237305
24.221069
24.239258
24.173462
24.770752
24.770752
24.801147
24.237427
24.185791
24.231812
24.313599
24.261841
24.269775
24.770752
24.315186
24.192627
24.350342
24.274658
24.243408
24.276245
24.245239
24.770752
24.770752
24.770508
24.078003
24.143066
24.274780
24.190918
24.206055
24.161133
24.770752
24.802856
24.596436
24.465576
24.388184
24.605591
24.375977
24.441895
24.770752
24.770752
24.770752
24.124390
24.352783
24.217041
24.126099
24.245483
24.770752
24.770752
24.807251
24.466064
24.433350
24.629517
24.608032
24.729736
24.402710
24.770752
24.770752
24.770752
24.243286
24.396851
24.169556
24.267212
24.167480
24.770752
24.770752
24.770752
24.695801
24.419800
24.635254
24.425415
24.650146
24.386841
24.536011
24.770752
24.770752
24.225464
24.311035
24.258179
24.053345
24.210693
24.770752
24.770752
24.770752
24.006958
24.171021
24.217285
24.228638
24.157593
24.164429
24.039307
24.770752
24.770752
24.783813
24.519409
24.522949
24.571411
24.544800
24.260010
24.770752
24.770752
24.855591
24.435303
24.283813
24.209106
24.195312
24.190918
24.131470
24.770752
24.770752
24.775635
24.371216
24.284790
24.081543
24.084595
24.158081
24.770752
24.770752
24.819214
24.595093
24.290771
24.167236
24.589966
24.556519
24.290039
24.770752
24.770752
24.770752
24.284180
24.305908
24.384644
24.410767
24.239746
24.770752
24.770752
24.801758
24.343750
24.380005
24.545898
24.395264
24.384155
24.342773
24.770752
24.770752
24.770752
24.277100
24.029663
24.155884
24.348755
24.262573
24.770752
24.770752
24.770752
24.403809
24.258179
24.172485
24.065063
24.186157
24.297363
24.433838
24.770752
24.708984
24.394165
24.490234
24.354126
24.357056
24.262207
24.770752
24.770752
24.770752
24.174683
24.232422
24.180908
24.299927
24.095825
24.328735
24.148560
24.770752
24.315552
24.113647
24.476807
24.417236
24.314331
24.375610
24.770752
24.770752
24.770752
24.739868
24.370605
24.538818
24.162842
24.396118
24.416870
24.474365
24.770752
24.324463
24.404663
24.269165
24.473389
24.232056
24.241943
24.332764
24.770752
24.770752
24.886230
24.227051
24.308838
24.276367
24.136841
24.263550
24.031494
24.770752
24.401489
24.100220
24.373535
24.363037
24.282715
24.389160
24.296997
24.770752
24.770752
24.770752
24.075195
24.227539
24.004761
24.313965
24.211060
24.770752
24.770752
24.239258
24.147217
24.186035
24.164795
24.209961
24.022461
24.346069
24.770752
24.770752
24.770752
24.319580
24.184204
24.083008
24.126709
24.232544
24.770752
24.770752
24.780762
24.445068
24.353027
24.311768
24.275024
24.211914
24.152344
24.770752
24.770752
24.770752
24.126953
24.159912
24.256836
24.217529
24.179810
24.770752
24.770752
24.770752
24.247437
24.135864
24.120117
24.182861
24.451294
24.277710
24.770752
24.770752
24.770752
24.091064
24.197510
24.278931
24.398438
24.281494
24.770752
24.770752
24.770752
24.224976
24.158081
24.302734
24.338623
24.356201
24.346802
24.305542
24.770752
24.770752
24.041992
24.147095
24.379639
24.213135
24.166138
24.770752
24.770752
24.770752
24.128296
24.342896
24.153687
24.400879
24.408691
24.412109
24.398560
24.770752
24.770752
24.770752
23.938477
24.113525
24.411377
24.309814
24.328857
24.770752
24.770752
24.812866
24.153198
24.274048
24.040894
24.215698
24.174683
24.207520
24.770752
24.770752
24.770752
24.770752
24.860107
24.149048
24.239990
24.208374
24.338379
24.770752
24.770752
24.770752
24.405518
24.280151
24.239014
24.371216
24.223145
24.178589
24.487305
24.770752
24.770752
24.770752
24.770752
24.785156
24.374390
24.561401
24.373413
24.365234
24.336792
24.310303
24.770752
24.770752
24.770752
24.206665
24.377319
24.376221
24.359497
24.146851
24.280640
24.008911
24.770752
24.770752
24.770752
24.770752
24.172852
24.289307
24.318115
24.165283
24.226929
24.185547
24.320068
24.770752
24.770752
24.770752
24.640991
24.411987
24.109009
23.945679
24.770752
24.843018
24.384644
24.770752
24.770752
24.770752
24.102539
24.196533
24.379150
24.238647
24.279419
24.304321
24.770752
24.770752
24.770752
24.313354
24.224976
24.193237
24.770752
24.770752
24.147949
24.338013
24.770752
24.770752
24.810181
24.322388
24.026245
24.360474
24.265991
24.320557
24.248535
24.770752
24.770752
24.770752
24.347656
24.265625
24.290649
24.770752
24.288208
24.293823
24.250488
24.770752
24.770752
24.770752
24.704712
24.574341
24.479370
24.707275
24.563477
24.635986
24.770752
24.770752
24.770752
24.381470
24.279541
24.770752
24.863281
24.236938
24.314941
24.323120
24.770752
24.770752
24.770752
24.136841
24.351318
24.249390
24.151123
24.207275
24.297729
24.275513
24.770752
24.770752
24.827759
24.770752
24.770752
24.296143
24.269775
24.176636
24.266968
24.770752
24.770752
24.770752
24.074219
24.400513
24.050537
24.176758
24.271240
24.152344
24.233032
24.770752
24.770752
24.770752
24.770752
24.866699
24.415894
24.233398
24.092651
24.285889
24.139893
24.140625
24.770752
24.770752
24.770752
24.191162
24.363159
24.190552
24.367798
24.393188
24.161499
24.331299
24.770752
24.770752
24.770752
24.770752
24.770752
24.313477
24.307983
24.173462
24.176025
24.202881
24.220337
24.770752
24.770752
24.770752
24.784302
24.072266
24.088867
24.244751
24.770752
24.770752
24.233765
24.770752
24.770752
24.770752
23.997925
24.263306
24.499390
24.214478
24.342285
24.226196
24.306763
24.770752
24.770752
24.804688
24.067627
24.512939
24.313354
24.770752
24.296997
24.347412
24.770752
24.770752
24.770752
24.176025
24.398315
24.454590
24.339600
24.372437
24.201294
24.247437
24.770752
24.770752
24.770752
24.125366
24.359619
24.237061
24.405518
24.770752
24.344849
24.253174
24.770752
24.770752
24.837402
24.335571
24.099487
24.338501
24.244019
24.346313
24.384277
24.770752
24.770752
24.770752
24.332764
24.144165
24.442505
24.391724
24.429565
24.770752
24.209351
24.770752
24.770752
24.770752
24.400146
24.301514
24.323853
24.018188
24.258911
24.444946
24.410156
24.770752
24.770752
24.747192
24.239624
24.209106
24.020508
24.152466
24.154175
24.770752
24.770752
24.770752
24.770752
24.240601
24.398804
24.164185
24.117676
24.246460
24.311157
24.482056
24.770752
24.770752
24.770752
24.415161
24.138794
24.517090
24.103516
24.499268
24.425903
24.770752
24.770752
24.770752
24.770752
23.952881
24.317383
24.289917
24.189575
24.169067
24.241455
24.224121
24.770752
24.770752
24.770752
24.194214
24.188965
24.155396
24.260010
24.150024
24.180786
24.770752
24.770752
24.770752
24.770752
24.821167
24.201416
24.256714
24.330566
24.382446
24.204834
24.176392
24.770752
24.770752
24.770752
24.168213
24.164795
24.040039
24.006836
24.176758
24.205322
24.770752
24.770752
24.770752
24.770752
24.291138
24.324951
24.450684
24.501953
24.471558
24.503784
24.485352
24.770752
24.770752
24.770752
24.593872
24.336914
24.536621
24.822632
24.345947
24.379395
24.770752
24.770752
24.770752
24.770752
24.290161
24.034180
24.440552
24.119507
24.372314
24.227539
24.398193
24.770752
24.770752
24.770752
24.188599
24.140015
24.200684
24.224487
24.140137
23.953125
24.770752
24.770752
24.770752
24.770752
24.227295
24.249390
24.388794
24.302612
24.512939
24.589722
24.160645
24.770752
24.770752
24.770752
24.194580
24.342529
24.287354
24.136475
24.259644
24.322998
24.770752
24.770752
24.770752
24.770752
24.122437
24.240601
24.178467
24.016357
24.281372
24.287354
24.283691
24.770752
24.770752
24.770752
24.361694
24.531372
24.405762
24.465210
24.251343
24.032959
24.770752
24.770752
24.770752
24.770752
24.766357
24.338013
24.192749
24.210449
24.198975
24.285889
24.138184
24.770752
24.770752
24.770752
24.154663
24.091797
24.207397
24.206543
24.269043
24.770752
24.770752
24.770752
24.770752
24.770752
24.205078
24.313232
24.277588
24.131592
24.043213
24.002930
24.230835
24.770752
24.770752
24.770752
24.307007
24.362305
24.418091
24.269409
24.537109
24.770752
24.772461
24.770752
24.770752
24.770752
24.268433
24.234619
24.308472
24.289307
24.146484
24.382080
24.451416
24.770752
24.770752
24.770752
24.333862
24.511597
24.635620
24.416138
24.703979
24.770752
24.770752
24.770752
24.770752
24.770752
24.234985
24.344116
24.219971
24.206055
24.171143
24.435791
24.340698
24.770752
24.770752
24.770752
24.198242
24.337891
24.173096
24.237549
24.213745
24.770752
24.784058
24.770752
24.770752
24.397217
24.454346
24.398315
24.311035
24.186646
24.259521
24.149780
24.770752
24.770752
24.770752
24.225464
24.283569
24.238281
24.201294
24.183960
24.308838
24.099365
24.770752
24.376221
24.370239
24.571289
24.311035
24.524048
24.462036
24.770752
24.770752
24.770752
24.215088
24.197876
24.241821
24.300049
24.165649
24.330078
24.770752
24.770752
24.060303
24.387939
24.255249
24.303101
24.280151
24.280273
24.770752
24.770752
24.770752
24.252808
24.265381
24.356445
24.228760
24.300659
24.770752
24.770752
24.770752
24.377686
23.970093
24.223267
24.065796
24.288696
24.380127
24.770752
24.770752
24.770752
24.617676
24.283691
24.214844
24.260254
24.177856
24.770752
24.770752
24.770752
24.542480
24.572876
24.616455
24.446655
24.546265
24.568359
24.639282
24.770752
24.770752
24.770752
24.096802
24.034912
24.481445
24.193237
24.770752
24.770752
24.770752
24.243652
24.389893
24.123901
24.333130
24.204834
24.320801
24.331543
24.770752
24.770752
24.770752
24.490356
24.435791
24.447021
24.588989
24.412964
24.770752
24.770752
24.770752
24.232666
24.209106
24.341064
24.241455
24.163208
24.231812
24.770752
24.770752
24.770752
24.381104
24.227661
24.327148
24.109009
24.216675
24.770752
24.770752
24.770752
24.531738
24.127441
24.332886
24.561646
24.346558
24.033081
24.770752
24.770752
24.770752
24.223389
24.221436
24.310913
24.332153
24.195679
24.770752
24.770752
24.770752
24.156982
24.228271
24.369141
24.249146
24.411865
24.402710
24.553467
24.770752
24.770752
24.065063
24.141113
24.335327
24.344238
24.287354
24.770752
24.770752
24.770752
24.342407
24.326538
24.267578
24.207764
24.138672
24.155884
24.112305
24.770752
24.788086
24.280884
24.426147
24.238770
24.265259
24.277710
24.189697
24.770752
24.770752
24.120361
24.246826
24.501709
24.419067
24.379272
24.400513
24.359253
24.770752
24.454346
24.005981
24.427612
24.207764
24.333252
24.255127
24.245239
24.770752
24.770752
24.770752
24.124512
24.148682
24.288940
24.104980
24.197021
24.235107
24.770752
24.820801
24.228027
24.316895
24.237793
24.204468
24.086548
24.142090
24.770752
24.770752
24.770752
24.616943
24.217041
24.370850
24.142212
24.388184
24.160522
24.770752
24.824951
24.202759
24.251221
24.167236
24.210815
24.277954
24.292847
24.770752
24.770752
24.770752
24.359497
24.231323
24.425415
24.332031
24.378052
24.770752
24.770752
24.770752
24.336060
24.219971
23.987915
24.308594
24.152832
24.238403
24.770752
24.770752
24.770752
24.282104
23.958008
24.142944
24.220825
24.171387
24.770752
24.770752
24.770752
24.385254
24.023193
24.105347
24.137451
24.096191
24.305420
24.331909
24.770752
24.770752
24.794922
24.240112
24.417725
24.303223
24.294556
24.770752
24.770752
24.770752
24.356812
24.479004
24.116211
24.218384
24.312378
24.544312
24.544067
24.770752
24.770752
24.770752
24.180908
24.285278
24.098755
24.196899
24.182861
24.770752
24.770752
24.804688
24.271851
24.264282
24.267578
24.260986
24.330688
24.230469
24.770752
24.770752
24.770752
24.300659
24.334839
24.593140
24.352783
24.284424
24.770752
24.770752
24.788574
24.239746
24.359619
24.341309
24.377441
24.406250
24.389404
24.770752
24.770752
24.770752
24.141724
24.171631
24.332520
24.082520
24.100098
24.770752
24.770752
24.770752
24.131104
24.368652
24.248779
24.147095
24.192383
24.240356
24.770752
24.770752
24.770752
24.482910
24.230225
24.176147
24.326416
24.344971
24.770752
24.770752
24.770752
24.266479
24.240356
24.274292
24.472534
24.221069
24.263062
24.081177
24.770752
24.770752
24.248657
24.229126
24.302490
24.301392
24.173706
24.221680
24.770752
24.770752
24.800903
24.194092
24.423950
24.370361
24.476074
24.133789
24.362183
24.770752
24.303711
24.150635
24.244385
24.268433
24.138916
24.115967
24.152588
24.770752
24.770752
24.803711
24.032959
24.404663
24.106689
24.087891
24.293457
24.269165
24.770752
24.852661
24.149414
24.211792
24.246826
24.287964
24.315186
24.199585
24.770752
24.770752
24.789673
24.446411
24.228149
24.482422
24.366699
24.313354
24.137207
24.770752
24.867188
24.294189
24.273193
24.216675
24.144287
24.239258
24.029541
24.770752
24.770752
24.770752
24.414429
24.525757
24.505493
24.588623
24.552002
24.770752
24.770752
24.770752
24.507935
24.388428
24.405151
24.562256
24.554932
24.614624
24.770752
24.770752
24.770752
24.294189
24.154907
24.314941
24.422485
24.153442
24.770752
24.770752
24.770752
24.197876
24.426147
24.149902
24.096313
24.270508
24.174316
24.525635
24.770752
24.770752
24.793213
24.197754
24.305908
24.375122
24.077393
24.770752
24.770752
24.770752
24.426147
24.182739
24.265137
24.411987
24.247070
24.348267
24.235107
24.770752
24.770752
24.824585
24.148682
24.205200
24.477173
24.557129
24.770752
24.770752
24.770752
24.120239
24.161499
24.097656
24.197021
24.089355
24.207520
24.290161
24.770752
24.770752
24.770752
24.548584
24.476196
24.316650
24.362549
24.770752
24.770752
24.770752
24.518921
24.446777
24.290283
24.334229
24.376953
24.081421
24.379639
24.770752
24.770752
24.770752
24.482788
24.482422
24.620972
24.667725
24.566040
24.770752
24.770752
24.770752
24.567139
24.541016
24.460938
24.682495
24.153320
24.541870
24.770752
24.770752
24.770752
24.185547
24.362915
24.522705
23.993042
24.281982
24.770752
24.770752
24.770752
24.208374
24.342529
24.374146
24.317017
24.332031
24.154785
24.267944
24.770752
24.770752
24.308350
24.191040
24.205444
24.195190
24.299438
24.770752
24.770752
24.770752
24.272705
24.397827
24.449585
24.353638
24.592285
24.536255
24.382446
24.770752
24.409302
24.231323
24.313110
24.313843
24.206177
24.156006
24.770752
24.770752
24.770752
24.257935
24.074463
24.391479
24.556396
24.457886
24.313965
24.380371
24.770752
24.389160
24.431519
24.258179
24.144287
24.248535
24.257690
24.307129
24.770752
24.770752
24.212646
24.086182
24.117310
24.274658
24.345825
24.202271
24.183105
24.770752
24.335571
24.272095
24.150024
24.362671
24.334839
24.189453
24.310425
24.770752
24.770752
24.770752
24.210327
24.278564
24.303711
24.056274
24.179810
24.770752
24.770752
24.832764
24.216431
24.370850
24.194336
24.432007
24.168823
24.062134
24.770752
24.770752
24.770752
24.225220
24.289795
24.238647
24.318970
24.291626
24.770752
24.770752
24.810425
24.421997
24.471436
24.474487
24.301514
24.609375
24.360107
24.770752
24.770752
24.770752
24.301270
24.787598
24.294922
24.418579
24.285034
24.770752
24.770752
24.770752
24.317749
24.205688
24.225952
24.354126
24.479004
23.861084
24.770752
24.770752
24.770752
24.299072
24.320801
24.443848
24.143799
24.275513
24.770752
24.770752
24.770752
24.465820
24.250488
24.175415
24.080444
24.207031
24.207764
24.089478
24.770752
24.770752
24.773438
24.332397
24.502808
24.387207
24.598389
24.770752
24.770752
24.770752
24.253418
24.437500
24.332764
24.269165
24.239136
24.128784
24.337158
24.770752
24.770752
24.770752
24.394043
24.378052
24.666138
24.430420
24.309814
24.770752
24.770752
24.829346
24.363403
24.491089
24.046875
24.354126
24.427002
24.320923
24.770752
24.770752
24.770752
24.507080
24.263306
24.106445
24.133179
24.224121
24.770752
24.770752
24.793701
24.255737
24.299316
24.212036
24.096558
24.254761
24.216675
24.770752
24.770752
24.770752
24.566895
24.360596
24.319214
24.606934
24.267578
24.770752
24.770752
24.770752
24.263794
24.316650
24.257568
24.152954
24.220093
24.031006
24.770752
24.770752
24.040405
24.115845
24.284668
24.041626
24.120483
24.151855
24.770752
24.770752
24.770752
24.478394
24.363647
24.569824
24.580688
24.561279
24.659912
24.318726
24.770752
24.175171
24.308960
24.206665
24.312866
24.125610
24.254028
24.250610
24.770752
24.770752
24.051392
24.195557
24.231323
24.246338
24.354980
24.116699
24.389648
24.770752
24.485718
24.660767
24.522583
24.548828
24.358765
24.625732
24.153687
24.770752
24.770752
24.874390
24.140869
24.287598
24.373657
24.459106
24.470337
24.382568
24.770752
24.287231
24.151855
24.177368
24.305176
24.286011
23.946289
23.982422
24.770752
24.770752
24.854736
24.110718
24.169922
24.152222
24.211426
24.348877
24.770752
24.770752
24.625000
24.314941
24.181030
24.164795
24.383545
24.046021
24.314697
24.770752
24.770752
24.770752
24.077148
24.107788
24.168945
24.226074
24.177734
24.770752
24.770752
24.791748
24.698608
24.554810
24.651001
24.628662
24.400879
24.674683
24.770752
24.770752
24.770752
24.171021
24.368408
24.449219
24.268799
24.388428
24.770752
24.770752
24.770752
24.371826
24.169189
24.165283
24.472656
24.363525
24.390381
24.031982
24.770752
24.770752
24.859863
24.175781
24.156616
24.452515
24.539917
24.770752
24.770752
24.770752
24.531250
24.517456
24.210449
24.505859
24.452026
24.360229
24.367798
24.770752
24.770752
24.859985
24.288940
24.554688
24.220215
24.394653
24.770752
24.770752
24.770752
24.425293
24.338989
24.084961
24.196533
24.270508
24.180542
24.184814
24.770752
24.770752
24.807861
24.101562
24.068481
24.193481
24.116699
24.262939
24.770752
24.770752
24.827881
24.532959
24.442749
24.463623
24.326416
24.433716
24.156006
24.770752
24.770752
24.770752
24.215942
24.294800
24.292236
24.296997
24.408447
24.770752
24.770752
24.770752
24.419189
24.533691
24.218506
24.315430
24.314453
24.298828
24.770752
24.770752
24.138184
24.254028
24.045532
24.326660
24.132935
24.178833
24.770752
24.770752
24.770752
24.558350
24.544312
24.296753
24.330811
24.262207
24.326294
24.770752
24.770752
24.455933
24.401489
24.296997
24.328613
24.284912
24.422241
24.770752
24.770752
24.770752
24.220825
24.233276
24.516968
24.252441
24.237427
24.254761
24.770752
24.793213
24.349731
24.591919
24.305420
24.503418
24.055420
24.725220
24.770752
24.770752
24.770752
24.175049
24.113770
24.149048
24.046509
24.197388
24.189697
24.163452
24.770752
24.287842
24.279663
24.458496
24.186035
24.236206
24.251953
24.770752
24.770752
24.770752
24.405640
24.267456
24.238892
24.316650
24.147583
24.084351
24.770752
24.770752
24.302002
24.284546
24.415405
24.216797
24.269531
24.319458
24.266602
24.770752
24.770752
24.774780
24.397949
24.405273
24.435425
24.363159
24.502319
24.770752
24.770752
24.281006
24.501465
24.145630
24.149170
24.428467
24.526611
24.187134
24.770752
24.770752
24.793701
24.333740
24.302246
24.114746
24.211304
24.523315
24.770752
24.770752
24.853394
24.282959
24.343018
24.500732
24.228149
24.249268
24.362427
24.770752
24.770752
24.770752
24.148804
24.163208
24.276611
24.328979
24.206299
24.770752
24.770752
24.873657
24.225952
24.182739
24.254272
24.316040
24.304321
24.089478
24.770752
24.770752
24.770752
24.086304
24.270142
24.160156
23.856812
24.455933
24.770752
24.770752
24.770752
24.468018
24.138306
24.243286
24.244507
24.445190
24.375000
24.120239
24.770752
24.770752
24.307739
24.221924
24.232544
24.181152
24.194458
24.770752
24.770752
24.770752
24.150635
24.392700
24.346069
24.105225
24.355957
24.173218
24.333008
24.770752
24.770752
24.821045
24.631592
24.669067
24.536255
24.653198
24.590576
24.770752
24.770752
24.862793
24.351929
24.339844
24.166382
24.132935
24.043335
24.060425
24.770752
24.770752
24.290894
24.191284
24.127563
24.115356
24.340576
24.190430
24.770752
24.770752
24.861694
24.425659
24.327271
24.289429
24.383789
24.258179
24.260010
24.770752
24.770752
24.147583
24.254883
24.184570
24.230835
24.069946
24.141357
24.770752
24.770752
24.857544
24.426270
24.202148
24.161377
24.193359
24.328613
24.139648
24.770752
24.190552
24.533203
24.278564
24.408447
24.394409
24.204224
24.181519
24.770752
24.770752
24.770752
24.261963
24.065063
24.210693
24.205444
24.203979
24.124268
24.021606
24.770752
24.503174
24.326538
24.525024
24.109497
24.326660
24.505493
24.770752
24.770752
24.770752
23.960571
24.116333
24.132568
24.359985
24.309937
24.151978
24.770752
24.770752
24.127319
24.102173
24.267944
24.217896
24.273315
24.152222
24.770752
24.770752
24.770752
24.506104
24.211060
24.296631
24.011719
24.238403
24.308105
24.770752
24.770752
24.110840
24.277344
23.989014
24.067627
24.142944
24.166626
24.212646
24.770752
24.770752
24.848022
24.497559
24.295654
24.405029
24.357178
24.770752
24.770752
24.770752
24.092163
24.257446
24.373901
23.956055
24.211792
24.396118
24.272705
24.770752
24.770752
24.770752
24.088501
24.196899
24.317139
24.398682
24.770752
24.770752
24.770752
24.293579
24.081665
24.091553
24.368896
24.199341
24.155884
24.122559
24.770752
24.770752
24.770752
24.287231
24.455811
24.359253
24.185181
24.372681
24.770752
24.770752
24.770752
24.311523
24.234253
24.057129
24.288940
24.314331
24.198242
24.770752
24.770752
24.770752
24.237915
24.231079
24.095215
24.248047
24.334229
24.770752
24.770752
24.770752
24.458740
24.336792
24.205322
24.261841
24.274902
24.188110
24.265869
24.770752
24.770752
24.876953
24.516724
24.338501
24.329590
24.281738
24.770752
24.770752
24.770752
24.142700
24.198608
24.261108
24.131836
24.349243
24.126709
23.982056
24.770752
24.770752
24.770752
24.770752
24.164429
24.328125
24.279785
24.351685
24.164673
24.770752
24.770752
24.770752
24.199829
24.208008
24.192871
24.134399
24.061279
24.408203
24.140503
24.770752
24.770752
24.770752
24.770752
24.254883
24.442749
24.414917
24.432739
24.457886
24.449951
24.027710
24.770752
24.770752
24.770752
24.340942
24.348999
24.301758
24.294434
24.380249
24.092285
24.304565
24.770752
24.770752
24.770752
24.770752
24.136353
24.135864
24.154541
24.056030
24.176758
24.132324
24.127319
24.770752
24.770752
24.770752
24.598755
24.278076
24.321289
24.242188
24.228149
24.404175
24.492432
24.770752
24.770752
24.770752
24.770752
24.800293
24.089111
24.182007
24.110840
24.280762
24.229248
24.262695
24.770752
24.770752
24.770752
24.170044
24.270264
24.048706
24.082764
24.219116
24.209595
24.770752
24.767944
24.770752
24.770752
24.788818
24.333618
24.181885
24.210449
24.277466
24.192383
24.295044
24.770752
24.770752
24.770752
24.282471
24.032471
24.117310
24.218506
24.463013
23.946289
24.770752
24.770752
24.770752
24.770752
24.835449
24.291626
24.434204
24.406006
24.017822
24.234253
24.442871
24.770752
24.770752
24.770752
24.303345
24.270752
24.384888
24.333862
24.487305
24.172852
24.770752
24.770752
24.770752
24.770752
24.810425
24.380005
24.173706
24.445679
24.567627
24.485718
24.781250
24.770752
24.770752
24.770752
24.026855
24.273560
24.318726
24.334717
24.150879
23.954834
24.770752
24.770752
24.770752
24.770752
24.811890
24.319946
24.323364
24.243652
24.180786
24.097534
24.395020
24.770752
24.770752
24.770752
24.246704
24.309326
24.168701
24.272217
24.287109
24.413574
24.770752
24.770752
24.770752
24.770752
24.770752
24.275269
24.353271
24.119507
24.533569
24.454712
24.470459
24.338989
24.770752
24.770752
24.834106
24.193115
24.196045
24.380737
24.357422
24.337646
24.770752
24.770752
24.770752
24.770752
24.787354
24.343872
24.480347
24.144043
24.391235
24.237549
24.357422
24.770752
24.770752
24.770752
24.318848
24.318970
24.177979
24.046143
24.291870
24.215088
24.770752
24.770752
24.770752
24.770752
24.793335
24.203003
24.244873
24.221436
24.228394
24.274658
24.123901
24.770752
24.770752
24.770752
24.016235
24.093994
24.171997
24.175049
24.308228
24.277710
24.770752
24.770752
24.770752
24.770752
24.770752
24.319092
24.167847
24.179077
24.251099
24.114990
24.306396
24.770752
24.770752
24.770752
24.794800
24.097778
24.085449
24.271851
24.087402
24.332397
24.770752
24.770752
24.770752
24.770752
24.777100
24.265015
24.229980
24.243286
24.145996
24.352295
24.266602
24.770752
24.770752
24.770752
24.237549
24.359497
24.202637
24.214478
24.291748
24.113892
24.770752
24.770752
24.770752
24.770752
24.770752
24.288818
24.306396
24.508667
24.399048
24.291382
24.451782
24.770752
24.770752
24.770752
24.334839
24.233276
24.018066
24.222290
24.387695
24.336914
24.770752
24.770752
24.770752
24.775757
24.198853
24.290039
24.221802
24.212646
24.058716
24.237183
24.770752
24.770752
24.770752
24.239746
24.116211
24.217407
24.181763
24.125977
24.181030
24.770752
24.770752
24.259521
24.234741
24.286011
24.502075
24.656738
24.445312
24.770752
24.770752
24.770752
24.371948
24.192017
24.104736
24.118042
24.119385
24.091675
24.130005
24.770752
24.650635
24.410156
24.421021
24.305542
24.375366
24.487793
24.329468
24.770752
24.770752
24.861328
24.155640
24.214355
24.311890
24.386719
24.193481
24.770752
24.770752
24.219971
24.214111
24.370605
24.211304
24.193481
24.174927
24.215088
24.770752
24.770752
24.770752
24.314697
24.137085
24.288940
24.188843
24.237671
24.770752
24.770752
24.803955
24.241943
24.094116
24.292847
23.994141
24.329712
24.466309
24.770752
24.770752
24.770752
24.364258
24.223389
24.435181
24.255127
24.169556
24.770752
24.770752
24.785645
24.145386
24.454956
24.231201
24.441772
24.248779
24.135742
24.770752
24.770752
24.770752
23.910889
24.105225
24.303833
24.240479
24.343506
24.770752
24.770752
24.770752
24.401489
24.415283
24.305542
24.335083
24.209106
24.137329
24.770752
24.770752
24.770752
24.313354
24.229370
24.091919
24.304077
24.185913
24.770752
24.770752
24.770752
24.078735
24.101807
24.290039
24.179810
24.386108
24.137695
24.048950
24.770752
24.770752
24.770752
24.248779
24.256958
24.171631
24.242432
24.770752
24.770752
24.770752
24.081421
24.132935
24.199707
24.258301
24.191895
24.206787
24.303223
24.770752
24.770752
24.770752
24.233276
24.187012
24.269897
24.385376
23.968018
24.770752
24.770752
24.849365
24.299927
24.352661
24.191650
24.153442
24.262451
24.207275
24.770752
24.770752
24.784790
24.369995
24.233643
24.187622
24.245972
24.222656
24.770752
24.770752
24.776855
24.575317
24.427124
24.346924
24.590088
24.576782
24.505737
24.770752
24.786011
24.378540
24.302734
24.417969
24.273071
24.461792
24.260620
24.770752
24.770752
24.770752
24.259155
24.194580
24.270386
24.215332
24.072998
24.411743
24.464111
24.841675
24.318604
24.040771
24.274658
24.181519
24.328613
24.281372
24.770752
24.770752
24.770752
24.076416
24.339233
23.913086
24.307983
24.281494
24.268066
24.175781
24.770752
24.213135
24.239502
24.309814
24.179199
24.227051
24.229492
24.183716
24.770752
24.770752
24.853271
24.247070
24.093750
24.327759
24.278931
24.154541
24.770752
24.770752
24.315796
24.235474
24.183838
24.497192
24.136108
24.243286
24.336182
24.770752
24.770752
24.863647
24.432861
24.343140
24.188477
24.299927
24.770752
24.770752
24.770752
24.446289
24.609131
24.108765
24.342651
24.275757
24.478149
24.109863
24.770752
24.770752
24.845947
24.121582
24.218750
24.222046
24.276489
24.770752
24.770752
24.770752
24.459229
24.143921
24.553589
24.230713
24.312988
24.435181
24.452393
24.770752
24.770752
24.770752
24.488159
24.426025
24.158569
24.370239
24.425293
24.770752
24.770752
24.770752
24.163940
24.316650
24.137573
24.303101
24.142456
24.171509
24.770752
24.770752
24.770752
24.529053
24.498535
24.161133
24.528076
24.210693
24.770752
24.770752
24.770752
24.215820
24.361694
24.346069
24.194458
24.416138
24.422729
24.770752
24.770752
24.770752
24.161743
24.192139
24.186646
24.211060
24.161011
24.770752
24.770752
24.770752
24.357788
24.289917
24.210938
24.075195
24.177979
24.087891
24.770752
24.770752
24.770752
24.380249
24.276978
24.259644
24.163330
24.140137
24.770752
24.770752
24.770752
24.238037
24.196045
24.227905
24.223755
24.123047
24.032715
24.296875
24.770752
24.770752
23.984741
24.366455
24.389771
24.462646
24.422485
24.770752
24.770752
24.770752
24.525635
24.430786
24.365479
24.211304
24.393188
24.290039
24.166016
24.770752
24.255005
24.348633
24.250854
24.161621
24.198853
24.190430
23.948120
24.770752
24.770752
24.868164
24.110474
24.077637
24.244751
24.411255
24.137207
24.228516
24.770752
24.194458
24.182617
24.140869
24.210205
24.244141
24.144653
24.109253
24.770752
24.770752
24.801270
24.734985
24.238037
24.324341
24.210693
24.518921
24.514526
24.770752
24.797363
24.201904
24.253052
24.302856
24.444336
24.148926
24.159058
24.770752
24.770752
24.770752
24.237183
24.326172
24.288452
24.431519
24.385742
24.770752
24.770752
24.821289
24.266724
24.489014
24.197266
24.221680
24.303223
24.354614
24.770752
24.770752
24.770752
24.292480
24.175537
24.177612
24.208618
24.313721
24.770752
24.770752
24.770752
24.355469
24.367310
24.336670
24.265381
24.338013
24.438232
24.353760
24.770752
24.770752
24.332520
24.148071
23.980103
24.310913
24.470703
24.770752
24.770752
24.770752
24.078613
24.502686
24.395874
24.258789
24.566895
24.465332
24.468994
24.770752
24.770752
24.844971
24.278198
24.236084
24.421875
24.241211
24.770752
24.770752
24.770752
24.188965
24.267456
24.201294
24.184814
24.238037
24.188721
24.010132
24.770752
24.770752
24.841919
24.200317
24.475830
24.341309
24.416016
24.661255
24.770752
24.770752
24.711426
24.264526
24.204224
24.153198
24.142334
24.078369
24.194702
24.770752
24.770752
24.770752
24.160889
24.082153
24.251343
24.157593
24.033813
24.770752
24.770752
24.840332
24.417358
24.335205
24.466919
24.436401
24.249634
24.375610
24.770752
24.770752
24.770752
24.319458
24.257812
24.181763
24.327271
24.129639
24.770752
24.770752
24.770752
24.110718
24.241089
24.169922
24.250488
24.221191
24.139160
24.558960
24.770752
24.770752
24.305542
24.359863
24.304443
24.203125
24.329834
24.770752
24.770752
24.770752
24.280396
24.360718
24.007935
24.414185
24.260010
24.240967
24.150757
24.770752
24.369629
24.284302
24.216675
24.469116
24.276367
24.222290
24.770752
24.770752
24.770752
24.252075
24.286011
24.209839
24.294556
24.290161
24.218018
24.171387
24.770752
24.074463
24.048584
24.299316
24.203491
24.172119
24.286499
24.033325
24.770752
24.770752
24.842163
24.140015
24.312988
24.312622
24.375366
24.214111
24.256836
24.770752
24.411499
24.593262
24.324341
24.527832
24.286499
24.510498
24.478027
24.770752
24.770752
24.770752
23.988403
24.136475
24.186401
24.265625
24.325073
24.118774
24.770752
24.194336
24.129639
24.233032
24.173096
24.288330
24.232178
24.327026
24.770752
24.770752
24.770752
24.328979
24.203369
24.182495
24.072632
24.075195
24.770752
24.770752
24.780640
24.203369
24.285034
24.022705
24.285645
24.299438
24.178833
24.770752
24.770752
24.770752
24.391357
24.537842
24.468628
24.648315
24.470947
24.770752
24.770752
24.770752
24.115356
24.106445
24.145996
24.207397
24.253296
24.170776
24.770752
24.770752
24.770752
24.516602
24.414307
24.407227
24.522949
24.247925
24.770752
24.770752
24.770752
24.323608
24.419434
24.245117
24.324097
24.586792
24.210449
24.517822
24.770752
24.770752
24.871338
24.270752
24.212769
24.069092
24.250122
24.770752
24.770752
24.770752
24.182495
24.081421
24.152100
24.129517
24.215942
24.242676
24.096802
24.770752
24.770752
24.770752
24.348389
24.271362
24.330688
24.245728
24.415283
24.770752
24.770752
24.770752
24.457397
24.214478
24.488892
23.916992
24.275635
24.295288
24.770752
24.770752
24.770752
24.278198
24.313110
24.263672
24.185303
24.293823
24.770752
24.770752
24.774048
24.257446
24.392212
24.211792
24.293335
24.107788
24.178101
24.770752
24.770752
24.770752
24.770752
24.770752
24.186157
24.103394
24.401733
24.299927
24.067383
24.770752
24.770752
24.770752
24.344849
23.985596
24.527100
24.614990
24.112793
24.125610
24.243042
24.770752
24.770752
24.770752
24.770752
24.133667
24.089600
24.223511
24.243042
24.197998
24.110107
24.074707
24.770752
24.770752
24.770752
24.229614
24.209595
24.388428
24.142944
24.479126
24.300171
24.770752
24.770752
24.770752
24.770752
24.770752
24.255005
24.252075
24.125610
24.041260
24.275513
24.206787
24.054199
24.770752
24.770752
24.797363
24.235840
24.150513
24.098267
24.770752
24.770752
24.150391
24.770752
24.770752
24.770752
24.169556
24.132935
24.287476
24.345215
24.171021
24.264404
24.212036
24.770752
24.770752
24.770752
24.246460
24.469360
24.445801
24.770752
24.149170
24.106934
24.766846
24.770752
24.770752
24.865356
24.209595
24.283813
24.183350
24.250122
24.243530
24.168701
24.770752
24.770752
24.770752
24.264526
24.360718
24.770752
24.818848
24.343018
24.333862
24.277588
24.770752
24.770752
24.797852
24.242310
24.343384
24.074219
24.276001
24.175903
24.274902
24.770752
24.770752
24.770752
24.263184
24.633423
24.604370
24.466797
24.364258
24.770752
24.770752
24.770752
24.458252
24.403076
24.724365
24.359131
24.360107
24.482544
24.693481
24.770752
24.770752
24.666016
24.460571
24.605713
24.668701
24.685791
24.770752
24.770752
24.770752
24.672852
24.276855
24.639526
24.558350
24.628906
24.732056
24.684204
24.770752
24.820679
24.381226
24.145996
24.317017
24.090454
24.191284
24.770752
24.770752
24.770752
24.433105
24.432861
24.363403
24.093140
24.246460
24.297241
24.254517
24.770752
24.288208
24.249268
24.260498
24.310547
24.246826
24.140015
24.207153
24.770752
24.770752
24.770752
24.543091
24.353516
24.344604
24.432373
24.410645
24.526001
24.770752
24.255615
24.153931
24.229004
24.338379
24.242798
24.264038
24.118408
24.770752
24.770752
24.770752
24.359985
24.656128
24.307861
24.292847
24.212036
24.407104
24.770752
24.820679
24.305054
24.392334
24.343506
24.107056
24.246338
24.376221
24.770752
24.770752
24.770752
23.982178
24.228516
24.164307
24.214478
24.411865
24.770752
24.770752
24.808105
24.144287
24.298462
24.364136
24.261353
24.284668
24.258667
24.770752
24.770752
24.770752
24.545776
24.196655
24.228027
24.149658
24.492065
24.770752
24.770752
24.770752
24.274292
24.143188
24.262451
24.227905
24.448608
24.180542
24.770752
24.770752
24.770752
24.135010
24.238525
24.250854
24.228882
24.268799
24.770752
24.770752
24.770752
24.170898
24.486816
24.032104
24.474121
24.407593
24.384644
24.317505
24.770752
24.770752
24.771973
24.492065
24.210938
24.504395
24.367432
24.362915
24.770752
24.770752
24.363892
24.325195
24.355225
24.366577
24.472534
24.276489
24.247681
24.770752
24.770752
24.791382
